

0000000000000000000000000000000000000000000001334331
000000000000000000000000000000000000024444225777777752
000000000000000000000000000000000001577777777666666677566530
0000000000000000000000000000000133357666666666666666667677762
00000000000000000000000000001467777666666666659657666666666661
0000000000000000000000000002666666666666766665766666666666666666531
00000000000000000000000000055555666666657865666665678756666666666663
000000000000000000000000000366555555555555666666666655666666666655562
000000000000000000000000000014555555555555555666655555555555555555563
000000000000000000000000000000003655555544555554444445555555666666640
0000000000000000000000000000000001345555443444333334444444554344431
000000000000000000122100000000000000122221144444443134444321
00000000000000025677776420000000000000001245555444410
0000000000000057665555666510000000023456676666666666531000000000000000012333321
000000000000067556777655566300012466677766666666666676653100000000013456555566540
0000000000003655777777775566314666556666666666666666666666420000024665555666555650
0000000000004646777777777555466556777666666666666666665555665201565556777777745562
0000000000005647777777777744555589657856666666666667789755556646645677777777754563
0000000000004655777777777646555993111965666666665586224984655565467777777777764563
0000000000002654677777777455647971222976555655555871221695555555477777777777755551
000000000000055545777777746554899434897987555789787122289556555647777777777755563
00000000000002665555677774655878999997889986999986975699876565554777777777755563
00000000000000156654577775556988888889888888988898799997798455646777777765556640
000000000000000035555555543569898888999999889999999888889894565577776665556652
00000000000000000023344444423799988877786534678887778888898565366777654555541
0000000000000000000122111100003789999888434433787888889998532444344443344410
00000000000000000006986200000000246788898566679899888886521000236633567888763
000000000000036788877899600000000001233466556766655543200000000699569999999993
000000000001799999998888983000000000000355566665541000000000001888688888988992
00000000000189988888888888974100000014667766667776630000000001688788888899993
000000000000157899999988888898531135752798888888824752000003689888888999986410001221
000000000000000124455677899988998985302888888888820267534689988999999975433331355664
0000000000000000000000001245688897400059888888889300049999999999876531013333466655550
000000000000000000000000000000012000018988888888940000268777543210000003443465555564
000000000000000000000000000000000000038888999998940000000000000000000003444655555651
00000000000000000000000000000000000005556666666554000000000000000000000154465556641
000000000000000000000000000000000013565555555555564100000000000000000000034666541
000000000000000000000000000000001466555555555555556652000000000000000000256432
000000000000000000000000000000026655566666666666655566400000000000000245531
000000000000000000000000000000266566653111222233565555642211101112345431
00000000000000000000000000000014555540000000000001555564122222222221
00000000000000000000000000000012444441000000000012444420
00000000000000000000000000000024444310000000000034444430
0000000000000000000000000000000000000000000000000012322

